   1
  29
  31
  83
 110
 137
 164
 191
 191
 218
 245
 245
 272
 272
 299
 326
 353
 353
 380
 380
 380
 380
 407
 407
 407
 407
 407
 407
 407
 434
 434
 461
 461
 461
 461
 461
 461
 461
 488
 488
 488
 488
 515
 515
 515
 542
 542
 542
 569
 569
 569
 569
 569
 569
 569
 569
 569
 569
 569
 569
 569
 569
 569
 569
 569
 569
 569
 569
 569
 569
 569
 569
 569
 569
 569
 569
 569
 569
 569
 569
 569
 569
 569
 569
 569
 569
 569
 569
 569
 569
 569
 569
 569
 569
 569
 569
 569
 569
 569
 569
 569
 569
 569
 569
 569
 569
 569
 569
 569
 569
 569
 569
 569
 569
 569
 569
 569
 569
 569
 569
   2
